### Coarse Search Data (initial) ###
Width (cm) | Enrichment (%) | TBR Mean | TBR Std Dev
      0.00 |          10.00 |  0.96338 |    0.00604
      0.00 |          20.00 |  0.87724 |    0.00617
      0.00 |          30.00 |  0.97184 |    0.00653
      0.00 |          40.00 |  0.94822 |    0.00648
      0.00 |          50.00 |  0.93185 |    0.00650
      0.00 |          60.00 |  0.92062 |    0.00570
      0.00 |          70.00 |  0.91757 |    0.00625
      0.00 |          80.00 |  0.89433 |    0.00567
      0.00 |          90.00 |  0.88766 |    0.00689
      0.00 |         100.00 |  0.86192 |    0.00697
      2.78 |          10.00 |  1.23399 |    0.00818
      2.78 |          20.00 |  1.24897 |    0.00920
      2.78 |          30.00 |  1.24120 |    0.00824
      2.78 |          40.00 |  1.22620 |    0.00661
      2.78 |          50.00 |  1.20864 |    0.00627
      2.78 |          60.00 |  1.19321 |    0.00782
      2.78 |          70.00 |  1.18664 |    0.00780
      2.78 |          80.00 |  1.16621 |    0.00818
      2.78 |          90.00 |  1.15218 |    0.00721
      2.78 |         100.00 |  1.13901 |    0.00782
      5.56 |          10.00 |  1.44713 |    0.00888
      5.56 |          20.00 |  1.46099 |    0.00817
      5.56 |          30.00 |  1.46638 |    0.00754
      5.56 |          40.00 |  1.45991 |    0.00789
      5.56 |          50.00 |  1.44693 |    0.00712
      5.56 |          60.00 |  1.43075 |    0.00783
      5.56 |          70.00 |  1.42143 |    0.00854
      5.56 |          80.00 |  1.40975 |    0.01018
      5.56 |          90.00 |  1.40649 |    0.00920
      5.56 |         100.00 |  1.39539 |    0.00992
      8.33 |          10.00 |  1.61025 |    0.01051
      8.33 |          20.00 |  1.63420 |    0.01014
      8.33 |          30.00 |  1.62105 |    0.00921
      8.33 |          40.00 |  1.63011 |    0.00957
      8.33 |          50.00 |  1.62601 |    0.00989
      8.33 |          60.00 |  1.61834 |    0.00935
      8.33 |          70.00 |  1.61082 |    0.00885
      8.33 |          80.00 |  1.59542 |    0.01030
      8.33 |          90.00 |  1.59378 |    0.00950
      8.33 |         100.00 |  1.58108 |    0.00985
     11.11 |          10.00 |  1.72441 |    0.01150
     11.11 |          20.00 |  1.75616 |    0.01053
     11.11 |          30.00 |  1.75525 |    0.00986
     11.11 |          40.00 |  1.76471 |    0.01057
     11.11 |          50.00 |  1.75374 |    0.00946
     11.11 |          60.00 |  1.74859 |    0.01003
     11.11 |          70.00 |  1.74309 |    0.01094
     11.11 |          80.00 |  1.74184 |    0.01004
     11.11 |          90.00 |  1.73383 |    0.01038
     11.11 |         100.00 |  1.72775 |    0.01056
     13.89 |          10.00 |  1.78610 |    0.00970
     13.89 |          20.00 |  1.80800 |    0.01015
     13.89 |          30.00 |  1.82073 |    0.00854
     13.89 |          40.00 |  1.82377 |    0.00950
     13.89 |          50.00 |  1.82326 |    0.00924
     13.89 |          60.00 |  1.82253 |    0.00986
     13.89 |          70.00 |  1.82376 |    0.01115
     13.89 |          80.00 |  1.82543 |    0.01197
     13.89 |          90.00 |  1.82802 |    0.01132
     13.89 |         100.00 |  1.82205 |    0.01129
     16.67 |          10.00 |  1.79722 |    0.01087
     16.67 |          20.00 |  1.83408 |    0.00868
     16.67 |          30.00 |  1.84044 |    0.01044
     16.67 |          40.00 |  1.83818 |    0.00969
     16.67 |          50.00 |  1.83990 |    0.00990
     16.67 |          60.00 |  1.83913 |    0.01142
     16.67 |          70.00 |  1.83846 |    0.01100
     16.67 |          80.00 |  1.83836 |    0.01071
     16.67 |          90.00 |  1.83297 |    0.01045
     16.67 |         100.00 |  1.82786 |    0.00972
     19.44 |          10.00 |  1.76015 |    0.01070
     19.44 |          20.00 |  1.80214 |    0.01138
     19.44 |          30.00 |  1.80983 |    0.01066
     19.44 |          40.00 |  1.81863 |    0.01153
     19.44 |          50.00 |  1.80771 |    0.01185
     19.44 |          60.00 |  1.80993 |    0.01174
     19.44 |          70.00 |  1.80638 |    0.01095
     19.44 |          80.00 |  1.80686 |    0.01036
     19.44 |          90.00 |  1.79842 |    0.01028
     19.44 |         100.00 |  1.80133 |    0.01038
     22.22 |          10.00 |  1.70181 |    0.00943
     22.22 |          20.00 |  1.74189 |    0.00993
     22.22 |          30.00 |  1.74663 |    0.01048
     22.22 |          40.00 |  1.74757 |    0.01131
     22.22 |          50.00 |  1.74540 |    0.00964
     22.22 |          60.00 |  1.75606 |    0.01033
     22.22 |          70.00 |  1.75350 |    0.01012
     22.22 |          80.00 |  1.75249 |    0.01040
     22.22 |          90.00 |  1.74685 |    0.01013
     22.22 |         100.00 |  1.75186 |    0.01082
     25.00 |          10.00 |  1.58894 |    0.01138
     25.00 |          20.00 |  1.62326 |    0.01041
     25.00 |          30.00 |  1.63574 |    0.00913
     25.00 |          40.00 |  1.63778 |    0.00960
     25.00 |          50.00 |  1.64290 |    0.00977
     25.00 |          60.00 |  1.64451 |    0.01009
     25.00 |          70.00 |  1.64251 |    0.01034
     25.00 |          80.00 |  1.64354 |    0.00993
     25.00 |          90.00 |  1.64112 |    0.01046
     25.00 |         100.00 |  1.63642 |    0.01041

### Refined Search Data (local refinement) ###
Width (cm) | Enrichment (%) | TBR Mean | TBR Std Dev
     14.17 |          25.00 |  1.81644 |    0.01011
     14.17 |          26.00 |  1.81458 |    0.00962
     14.17 |          27.00 |  1.81333 |    0.00872
     14.17 |          28.00 |  1.81468 |    0.00868
     14.17 |          29.00 |  1.81916 |    0.00909
     14.17 |          30.00 |  1.81597 |    0.00936
     14.17 |          31.00 |  1.81740 |    0.00914
     14.17 |          32.00 |  1.81530 |    0.00899
     14.17 |          33.00 |  1.81414 |    0.00895
     14.17 |          34.00 |  1.81647 |    0.00886
     15.17 |          25.00 |  1.83950 |    0.00957
     15.17 |          26.00 |  1.83829 |    0.00981
     15.17 |          27.00 |  1.83672 |    0.00994
     15.17 |          28.00 |  1.83858 |    0.00942
     15.17 |          29.00 |  1.83995 |    0.00986
     15.17 |          30.00 |  1.84108 |    0.01004
     15.17 |          31.00 |  1.84327 |    0.01083
     15.17 |          32.00 |  1.84305 |    0.01089
     15.17 |          33.00 |  1.84138 |    0.01137
     15.17 |          34.00 |  1.84119 |    0.01073
     16.17 |          25.00 |  1.84933 |    0.01048
     16.17 |          26.00 |  1.84963 |    0.01028
     16.17 |          27.00 |  1.85187 |    0.01022
     16.17 |          28.00 |  1.85162 |    0.01024
     16.17 |          29.00 |  1.85398 |    0.01063
     16.17 |          30.00 |  1.85350 |    0.01090
     16.17 |          31.00 |  1.85083 |    0.01066
     16.17 |          32.00 |  1.85358 |    0.01097
     16.17 |          33.00 |  1.85422 |    0.01118
     16.17 |          34.00 |  1.85758 |    0.01088
     17.17 |          25.00 |  1.83380 |    0.00931
     17.17 |          26.00 |  1.83739 |    0.00917
     17.17 |          27.00 |  1.83748 |    0.00996
     17.17 |          28.00 |  1.83561 |    0.01065
     17.17 |          29.00 |  1.83613 |    0.01079
     17.17 |          30.00 |  1.83403 |    0.01061
     17.17 |          31.00 |  1.83547 |    0.01036
     17.17 |          32.00 |  1.83604 |    0.01063
     17.17 |          33.00 |  1.83225 |    0.01017
     17.17 |          34.00 |  1.83182 |    0.01042
     18.17 |          25.00 |  1.81876 |    0.01007
     18.17 |          26.00 |  1.81885 |    0.01003
     18.17 |          27.00 |  1.81946 |    0.00974
     18.17 |          28.00 |  1.81843 |    0.01058
     18.17 |          29.00 |  1.82175 |    0.01045
     18.17 |          30.00 |  1.82110 |    0.01003
     18.17 |          31.00 |  1.82124 |    0.01036
     18.17 |          32.00 |  1.81568 |    0.00998
     18.17 |          33.00 |  1.82021 |    0.01042
     18.17 |          34.00 |  1.82232 |    0.01084

### TBR Summary Statistics:
Maximum TBR for Li2TiO3: 1.85758
Optimal breeder width: 16.17 cm
Optimal lithium enrichment: 34.00 %

Mean TBR: 1.66022
Median TBR: 1.80174
