### Coarse Search Data (initial) ###
Width (cm) | Enrichment (%) | TBR Mean | TBR Std Dev
      0.00 |          10.00 |  0.97959 |    0.00582
      0.00 |          20.00 |  0.96470 |    0.00651
      0.00 |          30.00 |  0.94315 |    0.00637
      0.00 |          40.00 |  0.91932 |    0.00646
      0.00 |          50.00 |  0.79893 |    0.00712
      0.00 |          60.00 |  0.78388 |    0.00654
      0.00 |          70.00 |  0.84759 |    0.00601
      0.00 |          80.00 |  0.74015 |    0.00562
      0.00 |          90.00 |  0.79868 |    0.00570
      0.00 |         100.00 |  0.78230 |    0.00583
      2.78 |          10.00 |  1.28450 |    0.00815
      2.78 |          20.00 |  1.25707 |    0.00781
      2.78 |          30.00 |  1.21694 |    0.00933
      2.78 |          40.00 |  1.19576 |    0.00800
      2.78 |          50.00 |  1.17946 |    0.00768
      2.78 |          60.00 |  1.15622 |    0.00698
      2.78 |          70.00 |  1.14239 |    0.00730
      2.78 |          80.00 |  1.12095 |    0.00667
      2.78 |          90.00 |  1.09667 |    0.00636
      2.78 |         100.00 |  1.07086 |    0.00699
      5.56 |          10.00 |  1.50763 |    0.00795
      5.56 |          20.00 |  1.47491 |    0.00766
      5.56 |          30.00 |  1.46625 |    0.00809
      5.56 |          40.00 |  1.44403 |    0.00863
      5.56 |          50.00 |  1.42778 |    0.00930
      5.56 |          60.00 |  1.40435 |    0.00927
      5.56 |          70.00 |  1.39283 |    0.00869
      5.56 |          80.00 |  1.37761 |    0.00898
      5.56 |          90.00 |  1.35491 |    0.00846
      5.56 |         100.00 |  1.32879 |    0.00839
      8.33 |          10.00 |  1.67959 |    0.00965
      8.33 |          20.00 |  1.65779 |    0.00964
      8.33 |          30.00 |  1.65415 |    0.00938
      8.33 |          40.00 |  1.63218 |    0.01043
      8.33 |          50.00 |  1.61907 |    0.01070
      8.33 |          60.00 |  1.60652 |    0.01048
      8.33 |          70.00 |  1.59021 |    0.01060
      8.33 |          80.00 |  1.57353 |    0.00960
      8.33 |          90.00 |  1.55273 |    0.00864
      8.33 |         100.00 |  1.53208 |    0.01012
     11.11 |          10.00 |  1.80114 |    0.01007
     11.11 |          20.00 |  1.79661 |    0.01063
     11.11 |          30.00 |  1.79115 |    0.01138
     11.11 |          40.00 |  1.77551 |    0.01095
     11.11 |          50.00 |  1.75587 |    0.01106
     11.11 |          60.00 |  1.74598 |    0.00942
     11.11 |          70.00 |  1.73387 |    0.00889
     11.11 |          80.00 |  1.72582 |    0.01027
     11.11 |          90.00 |  1.71065 |    0.01089
     11.11 |         100.00 |  1.68790 |    0.01141
     13.89 |          10.00 |  1.84922 |    0.01051
     13.89 |          20.00 |  1.85611 |    0.00932
     13.89 |          30.00 |  1.85358 |    0.01083
     13.89 |          40.00 |  1.84658 |    0.01035
     13.89 |          50.00 |  1.84279 |    0.01074
     13.89 |          60.00 |  1.84064 |    0.01128
     13.89 |          70.00 |  1.84047 |    0.01166
     13.89 |          80.00 |  1.82374 |    0.01026
     13.89 |          90.00 |  1.81240 |    0.01051
     13.89 |         100.00 |  1.79856 |    0.01098
     16.67 |          10.00 |  1.86730 |    0.01024
     16.67 |          20.00 |  1.85607 |    0.01005
     16.67 |          30.00 |  1.86146 |    0.01075
     16.67 |          40.00 |  1.85239 |    0.01098
     16.67 |          50.00 |  1.84278 |    0.01120
     16.67 |          60.00 |  1.83159 |    0.00985
     16.67 |          70.00 |  1.83183 |    0.01066
     16.67 |          80.00 |  1.82605 |    0.01103
     16.67 |          90.00 |  1.81878 |    0.01089
     16.67 |         100.00 |  1.81980 |    0.01093
     19.44 |          10.00 |  1.84162 |    0.01209
     19.44 |          20.00 |  1.84489 |    0.01147
     19.44 |          30.00 |  1.83632 |    0.01156
     19.44 |          40.00 |  1.82687 |    0.01069
     19.44 |          50.00 |  1.82486 |    0.01210
     19.44 |          60.00 |  1.82080 |    0.01137
     19.44 |          70.00 |  1.81228 |    0.01095
     19.44 |          80.00 |  1.80631 |    0.01116
     19.44 |          90.00 |  1.80039 |    0.01113
     19.44 |         100.00 |  1.79020 |    0.01096
     22.22 |          10.00 |  1.75694 |    0.01103
     22.22 |          20.00 |  1.77783 |    0.01020
     22.22 |          30.00 |  1.77444 |    0.01006
     22.22 |          40.00 |  1.77334 |    0.01003
     22.22 |          50.00 |  1.76932 |    0.01064
     22.22 |          60.00 |  1.75907 |    0.01183
     22.22 |          70.00 |  1.75958 |    0.01153
     22.22 |          80.00 |  1.75606 |    0.01184
     22.22 |          90.00 |  1.75136 |    0.01085
     22.22 |         100.00 |  1.74276 |    0.01054
     25.00 |          10.00 |  1.64565 |    0.01085
     25.00 |          20.00 |  1.66710 |    0.00940
     25.00 |          30.00 |  1.66259 |    0.00992
     25.00 |          40.00 |  1.65687 |    0.01008
     25.00 |          50.00 |  1.65637 |    0.01058
     25.00 |          60.00 |  1.65384 |    0.01092
     25.00 |          70.00 |  1.65297 |    0.01124
     25.00 |          80.00 |  1.64860 |    0.01127
     25.00 |          90.00 |  1.63986 |    0.01089
     25.00 |         100.00 |  1.63369 |    0.01088

### Refined Search Data (local refinement) ###
Width (cm) | Enrichment (%) | TBR Mean | TBR Std Dev
     14.17 |          10.00 |  1.85604 |    0.01000
     14.17 |          11.00 |  1.85605 |    0.01024
     14.17 |          12.00 |  1.85511 |    0.01066
     14.17 |          13.00 |  1.84942 |    0.01111
     14.17 |          14.00 |  1.84901 |    0.01093
     15.17 |          10.00 |  1.88069 |    0.01073
     15.17 |          11.00 |  1.87566 |    0.01065
     15.17 |          12.00 |  1.87376 |    0.01069
     15.17 |          13.00 |  1.87455 |    0.01098
     15.17 |          14.00 |  1.87471 |    0.01076
     16.17 |          10.00 |  1.87387 |    0.01036
     16.17 |          11.00 |  1.86663 |    0.01038
     16.17 |          12.00 |  1.86651 |    0.01005
     16.17 |          13.00 |  1.85905 |    0.00976
     16.17 |          14.00 |  1.86166 |    0.00919
     17.17 |          10.00 |  1.87444 |    0.01004
     17.17 |          11.00 |  1.87274 |    0.01012
     17.17 |          12.00 |  1.86913 |    0.01016
     17.17 |          13.00 |  1.87179 |    0.01000
     17.17 |          14.00 |  1.87376 |    0.00902
     18.17 |          10.00 |  1.85126 |    0.01101
     18.17 |          11.00 |  1.85141 |    0.01196
     18.17 |          12.00 |  1.85564 |    0.01166
     18.17 |          13.00 |  1.85600 |    0.01141
     18.17 |          14.00 |  1.85630 |    0.01134

### TBR Summary Statistics:
Maximum TBR for Li4SiO4: 1.88069
Optimal breeder width: 15.17 cm
Optimal lithium enrichment: 10.00 %

Mean TBR: 1.63041
Median TBR: 1.76932
