### Coarse Search Data (initial) ###
Width (cm) | Enrichment (%) | TBR Mean | TBR Std Dev
      0.00 |          10.00 |  1.22995 |    0.00730
      0.00 |          20.00 |  1.34216 |    0.00843
      0.00 |          30.00 |  1.39639 |    0.00797
      0.00 |          40.00 |  1.42648 |    0.00941
      0.00 |          50.00 |  1.44369 |    0.00890
      0.00 |          60.00 |  1.45677 |    0.00904
      0.00 |          70.00 |  1.44988 |    0.00846
      0.00 |          80.00 |  1.45670 |    0.00715
      0.00 |          90.00 |  1.46966 |    0.00829
      0.00 |         100.00 |  1.46313 |    0.00880
      5.00 |          10.00 |  1.74455 |    0.00737
      5.00 |          20.00 |  1.83813 |    0.00881
      5.00 |          30.00 |  1.86073 |    0.00918
      5.00 |          40.00 |  1.87459 |    0.00900
      5.00 |          50.00 |  1.88493 |    0.00937
      5.00 |          60.00 |  1.87877 |    0.00929
      5.00 |          70.00 |  1.88709 |    0.00934
      5.00 |          80.00 |  1.89590 |    0.01027
      5.00 |          90.00 |  1.89574 |    0.00928
      5.00 |         100.00 |  1.89077 |    0.00946
     10.00 |          10.00 |  1.90305 |    0.01202
     10.00 |          20.00 |  1.96195 |    0.01102
     10.00 |          30.00 |  1.98734 |    0.00840
     10.00 |          40.00 |  2.00355 |    0.00938
     10.00 |          50.00 |  2.01398 |    0.01062
     10.00 |          60.00 |  2.00744 |    0.01003
     10.00 |          70.00 |  2.02013 |    0.01129
     10.00 |          80.00 |  2.01808 |    0.00936
     10.00 |          90.00 |  2.01616 |    0.01005
     10.00 |         100.00 |  2.01183 |    0.00915
     15.00 |          10.00 |  1.89633 |    0.00943
     15.00 |          20.00 |  1.95703 |    0.00857
     15.00 |          30.00 |  1.97870 |    0.00833
     15.00 |          40.00 |  1.99030 |    0.01035
     15.00 |          50.00 |  1.99402 |    0.00932
     15.00 |          60.00 |  2.00269 |    0.00951
     15.00 |          70.00 |  2.00706 |    0.00980
     15.00 |          80.00 |  2.00687 |    0.00825
     15.00 |          90.00 |  2.00454 |    0.00808
     15.00 |         100.00 |  2.01320 |    0.00863
     20.00 |          10.00 |  1.79256 |    0.01069
     20.00 |          20.00 |  1.84499 |    0.01211
     20.00 |          30.00 |  1.85587 |    0.01257
     20.00 |          40.00 |  1.86865 |    0.01143
     20.00 |          50.00 |  1.88197 |    0.01159
     20.00 |          60.00 |  1.88789 |    0.01245
     20.00 |          70.00 |  1.89401 |    0.01219
     20.00 |          80.00 |  1.89784 |    0.01095
     20.00 |          90.00 |  1.89700 |    0.01149
     20.00 |         100.00 |  1.89729 |    0.01058
     25.00 |          10.00 |  1.63419 |    0.00814
     25.00 |          20.00 |  1.67474 |    0.00863
     25.00 |          30.00 |  1.68018 |    0.00853
     25.00 |          40.00 |  1.69159 |    0.00803
     25.00 |          50.00 |  1.69731 |    0.00964
     25.00 |          60.00 |  1.69658 |    0.00883
     25.00 |          70.00 |  1.69634 |    0.00932
     25.00 |          80.00 |  1.69611 |    0.00946
     25.00 |          90.00 |  1.69765 |    0.00896
     25.00 |         100.00 |  1.69882 |    0.00875

### Refined Search Data (local refinement) ###
Width (cm) | Enrichment (%) | TBR Mean | TBR Std Dev
      7.50 |          65.00 |  1.94933 |    0.01068
      7.50 |          66.00 |  1.94612 |    0.01099
      7.50 |          67.00 |  1.94991 |    0.01077
      7.50 |          68.00 |  1.95114 |    0.01090
      7.50 |          69.00 |  1.94964 |    0.01104
      7.50 |          70.00 |  1.95011 |    0.01088
      7.50 |          71.00 |  1.94764 |    0.01040
      7.50 |          72.00 |  1.94699 |    0.01065
      7.50 |          73.00 |  1.94446 |    0.01081
      7.50 |          74.00 |  1.94838 |    0.01079
      8.50 |          65.00 |  1.97879 |    0.01074
      8.50 |          66.00 |  1.97549 |    0.01064
      8.50 |          67.00 |  1.97627 |    0.01024
      8.50 |          68.00 |  1.97709 |    0.01022
      8.50 |          69.00 |  1.97908 |    0.01078
      8.50 |          70.00 |  1.98024 |    0.01061
      8.50 |          71.00 |  1.97795 |    0.01056
      8.50 |          72.00 |  1.97954 |    0.01052
      8.50 |          73.00 |  1.98004 |    0.01032
      8.50 |          74.00 |  1.98658 |    0.01046
      9.50 |          65.00 |  1.99896 |    0.01112
      9.50 |          66.00 |  1.99853 |    0.01116
      9.50 |          67.00 |  2.00139 |    0.01157
      9.50 |          68.00 |  1.99911 |    0.01180
      9.50 |          69.00 |  2.00099 |    0.01186
      9.50 |          70.00 |  2.00141 |    0.01197
      9.50 |          71.00 |  2.00245 |    0.01138
      9.50 |          72.00 |  2.00117 |    0.01090
      9.50 |          73.00 |  1.99847 |    0.01139
      9.50 |          74.00 |  1.99963 |    0.01111
     10.50 |          65.00 |  2.01128 |    0.01143
     10.50 |          66.00 |  2.01477 |    0.01126
     10.50 |          67.00 |  2.01902 |    0.01137
     10.50 |          68.00 |  2.01996 |    0.01093
     10.50 |          69.00 |  2.01993 |    0.01115
     10.50 |          70.00 |  2.02042 |    0.01080
     10.50 |          71.00 |  2.02172 |    0.01128
     10.50 |          72.00 |  2.02167 |    0.01159
     10.50 |          73.00 |  2.02196 |    0.01154
     10.50 |          74.00 |  2.02536 |    0.01099
     11.50 |          65.00 |  2.02992 |    0.01237
     11.50 |          66.00 |  2.02787 |    0.01261
     11.50 |          67.00 |  2.02874 |    0.01282
     11.50 |          68.00 |  2.02768 |    0.01268
     11.50 |          69.00 |  2.02838 |    0.01275
     11.50 |          70.00 |  2.02950 |    0.01232
     11.50 |          71.00 |  2.02942 |    0.01232
     11.50 |          72.00 |  2.02734 |    0.01198
     11.50 |          73.00 |  2.02414 |    0.01199
     11.50 |          74.00 |  2.02841 |    0.01168

### TBR Summary Statistics:
Maximum TBR for LiPbZn: 2.02992
Optimal breeder width: 11.50 cm
Optimal lithium enrichment: 65.00 %

Mean TBR: 1.89015
Median TBR: 1.97588
