### Coarse Search Data (initial) ###
Width (cm) | Enrichment (%) | TBR Mean | TBR Std Dev
      0.00 |          10.00 |  1.21801 |    0.00667
      0.00 |          16.43 |  1.09330 |    0.00649
      0.00 |          22.86 |  1.08207 |    0.00815
      0.00 |          29.29 |  1.19659 |    0.00738
      0.00 |          35.71 |  1.17968 |    0.00719
      0.00 |          42.14 |  1.18260 |    0.00841
      0.00 |          48.57 |  1.16703 |    0.00835
      0.00 |          55.00 |  1.04338 |    0.00824
      0.00 |          61.43 |  1.14195 |    0.00705
      0.00 |          67.86 |  1.13370 |    0.00631
      0.00 |          74.29 |  1.01540 |    0.00755
      0.00 |          80.71 |  0.99517 |    0.00784
      0.00 |          87.14 |  0.99659 |    0.00791
      0.00 |          93.57 |  1.09427 |    0.00693
      0.00 |         100.00 |  1.07800 |    0.00639
      2.78 |          10.00 |  1.47366 |    0.00845
      2.78 |          16.43 |  1.46097 |    0.01022
      2.78 |          22.86 |  1.45028 |    0.00826
      2.78 |          29.29 |  1.44258 |    0.00732
      2.78 |          35.71 |  1.43439 |    0.00790
      2.78 |          42.14 |  1.42430 |    0.00788
      2.78 |          48.57 |  1.40616 |    0.00893
      2.78 |          55.00 |  1.39191 |    0.00968
      2.78 |          61.43 |  1.38051 |    0.00917
      2.78 |          67.86 |  1.36565 |    0.00883
      2.78 |          74.29 |  1.35693 |    0.00890
      2.78 |          80.71 |  1.35265 |    0.00918
      2.78 |          87.14 |  1.33990 |    0.00876
      2.78 |          93.57 |  1.33130 |    0.00850
      2.78 |         100.00 |  1.32129 |    0.00820
      5.56 |          10.00 |  1.66704 |    0.01003
      5.56 |          16.43 |  1.65307 |    0.01235
      5.56 |          22.86 |  1.64328 |    0.00963
      5.56 |          29.29 |  1.63768 |    0.00923
      5.56 |          35.71 |  1.63200 |    0.01003
      5.56 |          42.14 |  1.61767 |    0.00959
      5.56 |          48.57 |  1.60449 |    0.01098
      5.56 |          55.00 |  1.59788 |    0.01045
      5.56 |          61.43 |  1.58979 |    0.01096
      5.56 |          67.86 |  1.58243 |    0.01169
      5.56 |          74.29 |  1.57386 |    0.01119
      5.56 |          80.71 |  1.56455 |    0.01164
      5.56 |          87.14 |  1.55354 |    0.01144
      5.56 |          93.57 |  1.53997 |    0.01177
      5.56 |         100.00 |  1.52231 |    0.01030
      8.33 |          10.00 |  1.79680 |    0.01029
      8.33 |          16.43 |  1.78014 |    0.00954
      8.33 |          22.86 |  1.77177 |    0.01019
      8.33 |          29.29 |  1.76954 |    0.01001
      8.33 |          35.71 |  1.76669 |    0.00916
      8.33 |          42.14 |  1.75482 |    0.00893
      8.33 |          48.57 |  1.75147 |    0.00942
      8.33 |          55.00 |  1.74331 |    0.00972
      8.33 |          61.43 |  1.73465 |    0.00901
      8.33 |          67.86 |  1.73225 |    0.00977
      8.33 |          74.29 |  1.72330 |    0.01001
      8.33 |          80.71 |  1.71985 |    0.00967
      8.33 |          87.14 |  1.71789 |    0.01010
      8.33 |          93.57 |  1.71995 |    0.01018
      8.33 |         100.00 |  1.70857 |    0.00992
     11.11 |          10.00 |  1.89206 |    0.01144
     11.11 |          16.43 |  1.88947 |    0.01044
     11.11 |          22.86 |  1.89457 |    0.00995
     11.11 |          29.29 |  1.87936 |    0.00947
     11.11 |          35.71 |  1.88119 |    0.01165
     11.11 |          42.14 |  1.87885 |    0.01081
     11.11 |          48.57 |  1.86987 |    0.01194
     11.11 |          55.00 |  1.86854 |    0.01158
     11.11 |          61.43 |  1.86143 |    0.01097
     11.11 |          67.86 |  1.85811 |    0.01168
     11.11 |          74.29 |  1.84603 |    0.01196
     11.11 |          80.71 |  1.84720 |    0.01133
     11.11 |          87.14 |  1.83856 |    0.01100
     11.11 |          93.57 |  1.83649 |    0.01147
     11.11 |         100.00 |  1.82988 |    0.01128
     13.89 |          10.00 |  1.93915 |    0.01231
     13.89 |          16.43 |  1.93461 |    0.01093
     13.89 |          22.86 |  1.91895 |    0.01063
     13.89 |          29.29 |  1.91127 |    0.01123
     13.89 |          35.71 |  1.92022 |    0.01164
     13.89 |          42.14 |  1.91818 |    0.01123
     13.89 |          48.57 |  1.92215 |    0.01101
     13.89 |          55.00 |  1.91590 |    0.01182
     13.89 |          61.43 |  1.90972 |    0.01097
     13.89 |          67.86 |  1.91326 |    0.01079
     13.89 |          74.29 |  1.90479 |    0.01033
     13.89 |          80.71 |  1.90816 |    0.00980
     13.89 |          87.14 |  1.90506 |    0.01021
     13.89 |          93.57 |  1.90307 |    0.01026
     13.89 |         100.00 |  1.88879 |    0.00953
     16.67 |          10.00 |  1.92526 |    0.00940
     16.67 |          16.43 |  1.91866 |    0.01001
     16.67 |          22.86 |  1.92140 |    0.00973
     16.67 |          29.29 |  1.91895 |    0.00958
     16.67 |          35.71 |  1.91312 |    0.01024
     16.67 |          42.14 |  1.91513 |    0.00992
     16.67 |          48.57 |  1.91627 |    0.00997
     16.67 |          55.00 |  1.91734 |    0.01204
     16.67 |          61.43 |  1.91793 |    0.01172
     16.67 |          67.86 |  1.91516 |    0.01222
     16.67 |          74.29 |  1.90784 |    0.01201
     16.67 |          80.71 |  1.90006 |    0.01152
     16.67 |          87.14 |  1.89441 |    0.01227
     16.67 |          93.57 |  1.89787 |    0.01154
     16.67 |         100.00 |  1.89415 |    0.01119
     19.44 |          10.00 |  1.87071 |    0.00904
     19.44 |          16.43 |  1.87447 |    0.01042
     19.44 |          22.86 |  1.86584 |    0.01053
     19.44 |          29.29 |  1.86171 |    0.00976
     19.44 |          35.71 |  1.86664 |    0.00995
     19.44 |          42.14 |  1.86295 |    0.01044
     19.44 |          48.57 |  1.85651 |    0.01080
     19.44 |          55.00 |  1.85715 |    0.01096
     19.44 |          61.43 |  1.85640 |    0.01096
     19.44 |          67.86 |  1.85862 |    0.01037
     19.44 |          74.29 |  1.85637 |    0.01026
     19.44 |          80.71 |  1.85796 |    0.00997
     19.44 |          87.14 |  1.85739 |    0.01125
     19.44 |          93.57 |  1.86086 |    0.01178
     19.44 |         100.00 |  1.85526 |    0.01186
     22.22 |          10.00 |  1.79804 |    0.01105
     22.22 |          16.43 |  1.79803 |    0.00937
     22.22 |          22.86 |  1.80559 |    0.01126
     22.22 |          29.29 |  1.80201 |    0.01108
     22.22 |          35.71 |  1.80413 |    0.01153
     22.22 |          42.14 |  1.80254 |    0.01088
     22.22 |          48.57 |  1.80453 |    0.01130
     22.22 |          55.00 |  1.79833 |    0.01071
     22.22 |          61.43 |  1.79885 |    0.01076
     22.22 |          67.86 |  1.79921 |    0.01011
     22.22 |          74.29 |  1.79681 |    0.01032
     22.22 |          80.71 |  1.79799 |    0.01088
     22.22 |          87.14 |  1.79365 |    0.01056
     22.22 |          93.57 |  1.79386 |    0.00994
     22.22 |         100.00 |  1.79378 |    0.01053
     25.00 |          10.00 |  1.68381 |    0.01025
     25.00 |          16.43 |  1.67863 |    0.01028
     25.00 |          22.86 |  1.67612 |    0.01007
     25.00 |          29.29 |  1.68464 |    0.01041
     25.00 |          35.71 |  1.68774 |    0.01023
     25.00 |          42.14 |  1.68330 |    0.00905
     25.00 |          48.57 |  1.67817 |    0.00921
     25.00 |          55.00 |  1.68626 |    0.01006
     25.00 |          61.43 |  1.68235 |    0.01081
     25.00 |          67.86 |  1.68527 |    0.01062
     25.00 |          74.29 |  1.68512 |    0.01066
     25.00 |          80.71 |  1.68579 |    0.01069
     25.00 |          87.14 |  1.68203 |    0.01040
     25.00 |          93.57 |  1.68053 |    0.01076
     25.00 |         100.00 |  1.67464 |    0.01074

### Refined Search Data (local refinement) ###
Width (cm) | Enrichment (%) | TBR Mean | TBR Std Dev
     11.39 |          10.00 |  1.90694 |    0.00947
     11.39 |          11.00 |  1.90515 |    0.00922
     11.39 |          12.00 |  1.90480 |    0.00954
     11.39 |          13.00 |  1.89952 |    0.00889
     11.39 |          14.00 |  1.89896 |    0.00870
     12.39 |          10.00 |  1.90591 |    0.00932
     12.39 |          11.00 |  1.91034 |    0.00897
     12.39 |          12.00 |  1.91014 |    0.00837
     12.39 |          13.00 |  1.90944 |    0.00841
     12.39 |          14.00 |  1.91249 |    0.00940
     13.39 |          10.00 |  1.92947 |    0.01157
     13.39 |          11.00 |  1.92997 |    0.01094
     13.39 |          12.00 |  1.93081 |    0.01102
     13.39 |          13.00 |  1.93131 |    0.01089
     13.39 |          14.00 |  1.93014 |    0.01080
     14.39 |          10.00 |  1.92990 |    0.01134
     14.39 |          11.00 |  1.93183 |    0.01145
     14.39 |          12.00 |  1.93487 |    0.01175
     14.39 |          13.00 |  1.93431 |    0.01219
     14.39 |          14.00 |  1.93539 |    0.01171
     15.39 |          10.00 |  1.93518 |    0.01053
     15.39 |          11.00 |  1.94133 |    0.01019
     15.39 |          12.00 |  1.94327 |    0.01057
     15.39 |          13.00 |  1.93776 |    0.01153
     15.39 |          14.00 |  1.93463 |    0.01158

### TBR Summary Statistics:
Maximum TBR for FLiBe: 1.94327
Optimal breeder width: 15.39 cm
Optimal lithium enrichment: 12.00 %

Mean TBR: 1.72168
Median TBR: 1.80413
