### Coarse Search Data (initial) ###
Width (cm) | Enrichment (%) | TBR Mean | TBR Std Dev
      0.00 |          10.00 |  1.02134 |    0.00579
      0.00 |          20.00 |  1.35653 |    0.00750
      0.00 |          30.00 |  1.33975 |    0.00729
      0.00 |          40.00 |  1.52681 |    0.00808
      0.00 |          50.00 |  1.55919 |    0.00842
      0.00 |          60.00 |  1.58534 |    0.00757
      0.00 |          70.00 |  1.60684 |    0.00910
      0.00 |          80.00 |  1.60808 |    0.00784
      0.00 |          90.00 |  1.62696 |    0.00773
      0.00 |         100.00 |  1.45142 |    0.00822
      2.78 |          10.00 |  1.33373 |    0.00700
      2.78 |          20.00 |  1.53923 |    0.00873
      2.78 |          30.00 |  1.60928 |    0.00768
      2.78 |          40.00 |  1.66402 |    0.00881
      2.78 |          50.00 |  1.70213 |    0.00950
      2.78 |          60.00 |  1.70887 |    0.00932
      2.78 |          70.00 |  1.71693 |    0.01002
      2.78 |          80.00 |  1.73544 |    0.00970
      2.78 |          90.00 |  1.73985 |    0.00831
      2.78 |         100.00 |  1.75216 |    0.00890
      5.56 |          10.00 |  1.53047 |    0.00770
      5.56 |          20.00 |  1.68578 |    0.00834
      5.56 |          30.00 |  1.76087 |    0.00771
      5.56 |          40.00 |  1.79179 |    0.00903
      5.56 |          50.00 |  1.82249 |    0.00995
      5.56 |          60.00 |  1.82825 |    0.00954
      5.56 |          70.00 |  1.83022 |    0.01039
      5.56 |          80.00 |  1.85599 |    0.01158
      5.56 |          90.00 |  1.85622 |    0.01005
      5.56 |         100.00 |  1.85909 |    0.00974
      8.33 |          10.00 |  1.65618 |    0.00843
      8.33 |          20.00 |  1.79235 |    0.01054
      8.33 |          30.00 |  1.85504 |    0.01043
      8.33 |          40.00 |  1.87636 |    0.00921
      8.33 |          50.00 |  1.90112 |    0.00912
      8.33 |          60.00 |  1.93898 |    0.01020
      8.33 |          70.00 |  1.93939 |    0.00945
      8.33 |          80.00 |  1.94310 |    0.01092
      8.33 |          90.00 |  1.95105 |    0.00972
      8.33 |         100.00 |  1.95446 |    0.00953
     11.11 |          10.00 |  1.72175 |    0.00891
     11.11 |          20.00 |  1.84283 |    0.01018
     11.11 |          30.00 |  1.91671 |    0.00888
     11.11 |          40.00 |  1.94430 |    0.00919
     11.11 |          50.00 |  1.96162 |    0.00945
     11.11 |          60.00 |  1.97357 |    0.00850
     11.11 |          70.00 |  1.98479 |    0.00811
     11.11 |          80.00 |  1.99444 |    0.00998
     11.11 |          90.00 |  2.00228 |    0.01020
     11.11 |         100.00 |  1.99880 |    0.00987
     13.89 |          10.00 |  1.76728 |    0.00912
     13.89 |          20.00 |  1.87096 |    0.00880
     13.89 |          30.00 |  1.91928 |    0.01122
     13.89 |          40.00 |  1.95769 |    0.01009
     13.89 |          50.00 |  1.97121 |    0.01075
     13.89 |          60.00 |  1.98789 |    0.00946
     13.89 |          70.00 |  1.99473 |    0.01032
     13.89 |          80.00 |  2.00285 |    0.01090
     13.89 |          90.00 |  2.00628 |    0.00970
     13.89 |         100.00 |  2.00887 |    0.00956
     16.67 |          10.00 |  1.74421 |    0.00938
     16.67 |          20.00 |  1.84499 |    0.00856
     16.67 |          30.00 |  1.88695 |    0.01009
     16.67 |          40.00 |  1.92214 |    0.01118
     16.67 |          50.00 |  1.93901 |    0.00949
     16.67 |          60.00 |  1.95328 |    0.01015
     16.67 |          70.00 |  1.95857 |    0.00999
     16.67 |          80.00 |  1.96164 |    0.01100
     16.67 |          90.00 |  1.96551 |    0.01060
     16.67 |         100.00 |  1.97063 |    0.00996
     19.44 |          10.00 |  1.71851 |    0.00783
     19.44 |          20.00 |  1.80141 |    0.00927
     19.44 |          30.00 |  1.84104 |    0.00994
     19.44 |          40.00 |  1.86980 |    0.01071
     19.44 |          50.00 |  1.88468 |    0.01056
     19.44 |          60.00 |  1.89092 |    0.01035
     19.44 |          70.00 |  1.90084 |    0.01077
     19.44 |          80.00 |  1.90286 |    0.01120
     19.44 |          90.00 |  1.90754 |    0.01100
     19.44 |         100.00 |  1.91650 |    0.01122
     22.22 |          10.00 |  1.66581 |    0.00911
     22.22 |          20.00 |  1.73163 |    0.01053
     22.22 |          30.00 |  1.76720 |    0.01089
     22.22 |          40.00 |  1.78664 |    0.01071
     22.22 |          50.00 |  1.79156 |    0.01024
     22.22 |          60.00 |  1.80103 |    0.00983
     22.22 |          70.00 |  1.81161 |    0.01044
     22.22 |          80.00 |  1.81954 |    0.01167
     22.22 |          90.00 |  1.81770 |    0.01119
     22.22 |         100.00 |  1.82630 |    0.01113
     25.00 |          10.00 |  1.56131 |    0.00986
     25.00 |          20.00 |  1.61522 |    0.00993
     25.00 |          30.00 |  1.64617 |    0.00931
     25.00 |          40.00 |  1.66350 |    0.00897
     25.00 |          50.00 |  1.67331 |    0.00953
     25.00 |          60.00 |  1.67968 |    0.00909
     25.00 |          70.00 |  1.68551 |    0.01019
     25.00 |          80.00 |  1.68885 |    0.01001
     25.00 |          90.00 |  1.69046 |    0.00974
     25.00 |         100.00 |  1.69774 |    0.00962

### Refined Search Data (local refinement) ###
Width (cm) | Enrichment (%) | TBR Mean | TBR Std Dev
     11.39 |          95.00 |  1.99823 |    0.00766
     11.39 |          96.00 |  1.99863 |    0.00809
     11.39 |          97.00 |  1.99773 |    0.00806
     11.39 |          98.00 |  1.99897 |    0.00777
     11.39 |          99.00 |  2.00023 |    0.00782
     12.39 |          95.00 |  2.00155 |    0.00834
     12.39 |          96.00 |  2.00139 |    0.00865
     12.39 |          97.00 |  1.99916 |    0.00833
     12.39 |          98.00 |  2.00132 |    0.00866
     12.39 |          99.00 |  1.99897 |    0.00908
     13.39 |          95.00 |  2.00606 |    0.00923
     13.39 |          96.00 |  2.00542 |    0.00888
     13.39 |          97.00 |  2.00653 |    0.00842
     13.39 |          98.00 |  2.00573 |    0.00827
     13.39 |          99.00 |  2.00555 |    0.00846
     14.39 |          95.00 |  2.00898 |    0.01243
     14.39 |          96.00 |  2.01029 |    0.01208
     14.39 |          97.00 |  2.00834 |    0.01183
     14.39 |          98.00 |  2.00870 |    0.01169
     14.39 |          99.00 |  2.00680 |    0.01171
     15.39 |          95.00 |  1.99776 |    0.01151
     15.39 |          96.00 |  1.99526 |    0.01152
     15.39 |          97.00 |  1.99757 |    0.01155
     15.39 |          98.00 |  1.99856 |    0.01105
     15.39 |          99.00 |  1.99682 |    0.01084

### TBR Summary Statistics:
Maximum TBR for Li2ZrO3: 2.01029
Optimal breeder width: 14.39 cm
Optimal lithium enrichment: 96.00 %

Mean TBR: 1.83118
Median TBR: 1.87096
